date = 'Thu Sep 26 10:40:42 PM CST 2024';
version = 'cblas_MMult1';
MY_MMult = [
128 1.616925e+00 1.065814e-14 
256 2.603137e+01 1.953993e-14 
512 2.944663e+01 7.460699e-14 
1024 3.168128e+01 1.492140e-13 
];
